version https://git-lfs.github.com/spec/v1
oid sha256:9debe80b5ef35f49a1e67eb19da4cefaf8fcb483f2c80aa36dd9c0f897581add
size 1114727
